Simple Cantilever Beam Test with 2x2 Q4 Elements
15 1 1 1
NODAL_POINTS
1 1 1 1 0 0 0
2 0 0 1 2.5 0 0
3 0 0 1 5 0 0
4 0 0 1 7.5 0 0 
5 0 0 1 10 0 0 
6 1 1 1 0 0.5 0
7 0 0 1 2.5 0.5 0
8 0 0 1 5 0.5 0
9 0 0 1 7.5 0.5 0
10 0 0 1 10 0.5 0
11 1 1 1 0 1 0
12 0 0 1 2.5 1 0 
13 0 0 1 5 1 0
14 0 0 1 7.5 1 0
15 0 0 1 10 1 0

1
1
10 2  -10000.0

2
8
1

1 2.0E10 0.3 

1 1 2 7 6 1 1 0
2 2 3 8 7 1 1 0
3 3 4 9 8 1 1 0
4 4 5 10 9 1 1 0
5 6 7 12 11 1 1 0
6 7 8 13 12 1 1 0
7 8 9 14 13 1 1 0
8 9 10 15 14 1 1 0